5.900036621093750000e+01 -7.204776763916015625e+00 -8.612653732299804688e+00 -7.204776763916015625e+00 5.624386215209960938e+01 1.629782438278198242e+00 -8.612653732299804688e+00 1.629782438278198242e+00 6.072813796997070312e+01
6.974275970458984375e+01 8.085832595825195312e+00 1.996177911758422852e+00 8.085832595825195312e+00 7.696601867675781250e+01 -9.260877966880798340e-01 1.996177911758422852e+00 -9.260877966880798340e-01 6.461619567871093750e+01
6.609093475341796875e+01 -3.472246646881103516e+00 7.509667873382568359e-01 -3.472246646881103516e+00 5.035972595214843750e+01 -9.417684078216552734e-01 7.509667873382568359e-01 -9.417684078216552734e-01 8.115367126464843750e+01
7.165305328369140625e+01 1.672846198081970215e+00 8.532261848449707031e+00 1.672846198081970215e+00 7.411679077148437500e+01 1.197429656982421875e+01 8.532261848449707031e+00 1.197429656982421875e+01 8.463412475585937500e+01
5.074494934082031250e+01 2.607888221740722656e+00 -1.536997032165527344e+01 2.607888221740722656e+00 7.923725128173828125e+01 4.815112113952636719e+00 -1.536997032165527344e+01 4.815112113952636719e+00 7.207250976562500000e+01
6.560681152343750000e+01 -8.130354285240173340e-01 1.990485489368438721e-01 -8.130354285240173340e-01 8.092745971679687500e+01 4.948106765747070312e+00 1.990485489368438721e-01 4.948106765747070312e+00 6.916528320312500000e+01
6.601083374023437500e+01 6.602650165557861328e+00 -1.115088939666748047e+01 6.602650165557861328e+00 7.340657043457031250e+01 8.961933255195617676e-01 -1.115088939666748047e+01 8.961933255195617676e-01 6.478820037841796875e+01
6.083045959472656250e+01 -3.684038877487182617e+00 -7.104226589202880859e+00 -3.684038877487182617e+00 5.551681137084960938e+01 -5.907321453094482422e+00 -7.104226589202880859e+00 -5.907321453094482422e+00 6.341857528686523438e+01
7.960757446289062500e+01 -1.295823097229003906e+00 5.320862293243408203e+00 -1.295823097229003906e+00 6.621197509765625000e+01 -4.471701681613922119e-01 5.320862293243408203e+00 -4.471701681613922119e-01 7.777979278564453125e+01
6.160211563110351562e+01 -6.436165809631347656e+00 6.785108089447021484e+00 -6.436165809631347656e+00 5.083656692504882812e+01 -6.421947002410888672e+00 6.785108089447021484e+00 -6.421947002410888672e+00 7.240721893310546875e+01
6.975057220458984375e+01 4.384390354156494141e+00 4.674656391143798828e+00 4.384390354156494141e+00 7.907089233398437500e+01 -1.753451943397521973e+00 4.674656391143798828e+00 -1.753451943397521973e+00 6.082466125488281250e+01
7.002724456787109375e+01 -6.433742046356201172e+00 2.337687492370605469e+00 -6.433742046356201172e+00 8.153187561035156250e+01 2.151926517486572266e+00 2.337687492370605469e+00 2.151926517486572266e+00 7.042153167724609375e+01
7.644773864746093750e+01 -2.618780612945556641e+00 1.468093991279602051e+00 -2.618780612945556641e+00 6.505857849121093750e+01 7.806808471679687500e+00 1.468093991279602051e+00 7.806808471679687500e+00 8.280307006835937500e+01
7.201049804687500000e+01 8.476634025573730469e-01 -4.487179756164550781e+00 8.476634025573730469e-01 5.083394622802734375e+01 2.667311191558837891e+00 -4.487179756164550781e+00 2.667311191558837891e+00 6.206465530395507812e+01
7.707879638671875000e+01 -1.660116767883300781e+01 -5.067308902740478516e+00 -1.660116767883300781e+01 8.024927520751953125e+01 1.982329964637756348e+00 -5.067308902740478516e+00 1.982329964637756348e+00 6.594306182861328125e+01
8.125025177001953125e+01 1.925820708274841309e-01 -4.785742282867431641e+00 1.925820708274841309e-01 6.819358825683593750e+01 2.425177335739135742e+00 -4.785742282867431641e+00 2.425177335739135742e+00 8.118592834472656250e+01
7.314241027832031250e+01 1.502152729034423828e+01 2.879991769790649414e+00 1.502152729034423828e+01 6.601011657714843750e+01 -5.672728061676025391e+00 2.879991769790649414e+00 -5.672728061676025391e+00 6.383119964599609375e+01
7.620424652099609375e+01 -1.446298241615295410e+00 4.555548667907714844e+00 -1.446298241615295410e+00 8.079132843017578125e+01 3.234794855117797852e+00 4.555548667907714844e+00 3.234794855117797852e+00 7.449850463867187500e+01
6.107431793212890625e+01 -9.235645294189453125e+00 9.624202251434326172e-01 -9.235645294189453125e+00 6.588564300537109375e+01 -2.773125842213630676e-02 9.624202251434326172e-01 -2.773125842213630676e-02 6.580084991455078125e+01
7.730223846435546875e+01 -8.211316108703613281e+00 -4.504979133605957031e+00 -8.211316108703613281e+00 7.655683898925781250e+01 -8.371269702911376953e-01 -4.504979133605957031e+00 -8.371269702911376953e-01 7.015413665771484375e+01
7.647357177734375000e+01 -4.681434154510498047e+00 -5.026400089263916016e-01 -4.681434154510498047e+00 6.825440979003906250e+01 -7.042452335357666016e+00 -5.026400089263916016e-01 -7.042452335357666016e+00 7.461517333984375000e+01
