-9.221827387809753418e-01 4.746226370334625244e-01 -3.165709078311920166e-01 4.746226370334625244e-01 -1.771170496940612793e+00 -5.688273534178733826e-02 -3.165709078311920166e-01 -5.688273534178733826e-02 -1.174579381942749023e+00
-3.466186225414276123e-01 5.371375083923339844e-01 7.187277078628540039e-01 5.371375083923339844e-01 1.562434077262878418e+00 9.114375710487365723e-01 7.187277078628540039e-01 9.114375710487365723e-01 1.611012101173400879e+00
2.884930610656738281e+00 3.572935581207275391e+00 -9.651342630386352539e-01 3.572935581207275391e+00 -4.135777354240417480e-01 -7.237730026245117188e-01 -9.651342630386352539e-01 -7.237730026245117188e-01 -1.184451460838317871e+00
-5.645315170288085938e+00 9.672244787216186523e-01 -1.256383508443832397e-01 9.672244787216186523e-01 -1.471945285797119141e+00 2.933972358703613281e+00 -1.256383508443832397e-01 2.933972358703613281e+00 1.909783005714416504e+00
-1.245923399925231934e+00 4.690506458282470703e+00 -1.011679649353027344e+00 4.690506458282470703e+00 -5.159582614898681641e+00 1.455972552299499512e+00 -1.011679649353027344e+00 1.455972552299499512e+00 -3.283229589462280273e+00
-3.161618232727050781e+00 4.003829956054687500e-01 -1.920838832855224609e+00 4.003829956054687500e-01 -3.953166246414184570e+00 -5.714705213904380798e-02 -1.920838832855224609e+00 -5.714705213904380798e-02 -3.986454725265502930e+00
-1.467233538627624512e+00 -4.798899590969085693e-02 -3.933825492858886719e-01 -4.798899590969085693e-02 -2.715630769729614258e+00 -1.601517945528030396e-01 -3.933825492858886719e-01 -1.601517945528030396e-01 -6.736599802970886230e-01
-1.604172468185424805e+00 1.471395134925842285e+00 -1.388173580169677734e+00 1.471395134925842285e+00 3.236918523907661438e-02 8.014496564865112305e-01 -1.388173580169677734e+00 8.014496564865112305e-01 1.156355500221252441e+00
-6.454367041587829590e-01 4.167456626892089844e+00 -4.174124002456665039e-01 4.167456626892089844e+00 5.406477451324462891e-01 -8.928261995315551758e-01 -4.174124002456665039e-01 -8.928261995315551758e-01 -2.426990032196044922e+00
4.718917608261108398e-01 8.206521868705749512e-01 3.908402621746063232e-01 8.206521868705749512e-01 -8.158226013183593750e-01 1.134577274322509766e+00 3.908402621746063232e-01 1.134577274322509766e+00 -3.976399898529052734e+00
-9.894638787955045700e-04 1.160028576850891113e-01 -1.152678251266479492e+00 1.160028576850891113e-01 2.434669971466064453e+00 -6.707151234149932861e-02 -1.152678251266479492e+00 -6.707151234149932861e-02 3.302335500717163086e+00
-2.083905220031738281e+00 -4.037483632564544678e-01 -1.086431264877319336e+00 -4.037483632564544678e-01 -3.589374303817749023e+00 1.774462103843688965e+00 -1.086431264877319336e+00 1.774462103843688965e+00 -4.766860008239746094e-01
1.182227849960327148e+00 -5.570316910743713379e-01 -7.268333435058593750e-02 -5.570316910743713379e-01 -4.889675617218017578e+00 5.648499131202697754e-01 -7.268333435058593750e-02 5.648499131202697754e-01 -1.252113819122314453e+00
-5.485671997070312500e+00 5.168035626411437988e-01 1.660648584365844727e+00 5.168035626411437988e-01 -1.545636057853698730e+00 -2.476390600204467773e+00 1.660648584365844727e+00 -2.476390600204467773e+00 -6.596330642700195312e+00
