4.308724212646484375e+01 -6.041489601135253906e+00 -6.156624555587768555e-01 -6.041489601135253906e+00 3.997457885742187500e+01 3.157295465469360352e+00 -6.156624555587768555e-01 3.157295465469360352e+00 4.478518295288085938e+01
3.925354003906250000e+01 9.497246742248535156e+00 4.759059906005859375e+00 9.497246742248535156e+00 4.760959243774414062e+01 1.693779349327087402e+00 4.759059906005859375e+00 1.693779349327087402e+00 6.678816223144531250e+01
5.018863296508789062e+01 -5.251065254211425781e+00 -2.953592538833618164e+00 -5.251065254211425781e+00 5.474772644042968750e+01 4.982213020324707031e+00 -2.953592538833618164e+00 4.982213020324707031e+00 4.713014221191406250e+01
5.355979537963867188e+01 3.474525451660156250e+00 -4.553595066070556641e+00 3.474525451660156250e+00 5.033521652221679688e+01 5.580031394958496094e+00 -4.553595066070556641e+00 5.580031394958496094e+00 6.060098266601562500e+01
2.864246940612792969e+01 -8.419007301330566406e+00 -3.378586292266845703e+00 -8.419007301330566406e+00 2.449498367309570312e+01 5.977612018585205078e+00 -3.378586292266845703e+00 5.977612018585205078e+00 4.764351272583007812e+01
4.839189910888671875e+01 1.473581409454345703e+01 -1.625621199607849121e+00 1.473581409454345703e+01 4.795830154418945312e+01 6.465841293334960938e+00 -1.625621199607849121e+00 6.465841293334960938e+00 6.318226623535156250e+01
5.854859161376953125e+01 8.010689735412597656e+00 3.412914991378784180e+00 8.010689735412597656e+00 4.714343643188476562e+01 8.386056900024414062e+00 3.412914991378784180e+00 8.386056900024414062e+00 4.796054458618164062e+01
5.060773086547851562e+01 2.393900394439697266e+00 -8.450963973999023438e+00 2.393900394439697266e+00 4.817034912109375000e+01 -1.713094949722290039e+00 -8.450963973999023438e+00 -1.713094949722290039e+00 4.463612747192382812e+01
4.314154434204101562e+01 1.010648727416992188e+00 8.155565261840820312e+00 1.010648727416992188e+00 4.725717926025390625e+01 1.106099605560302734e+00 8.155565261840820312e+00 1.106099605560302734e+00 5.283621215820312500e+01
4.875839614868164062e+01 3.310573697090148926e-01 2.459553956985473633e+00 3.310573697090148926e-01 5.020426940917968750e+01 -8.774193763732910156e+00 2.459553956985473633e+00 -8.774193763732910156e+00 3.262803649902343750e+01
3.005199623107910156e+01 3.929462194442749023e+00 -3.945013284683227539e+00 3.929462194442749023e+00 3.502534866333007812e+01 7.352601528167724609e+00 -3.945013284683227539e+00 7.352601528167724609e+00 4.242374801635742188e+01
5.743596267700195312e+01 9.887605160474777222e-02 -1.763654708862304688e+00 9.887605160474777222e-02 5.158342742919921875e+01 -7.874981880187988281e+00 -1.763654708862304688e+00 -7.874981880187988281e+00 4.397708511352539062e+01
4.184125900268554688e+01 -3.243586063385009766e+00 2.053977251052856445e+00 -3.243586063385009766e+00 4.456167602539062500e+01 3.237804651260375977e+00 2.053977251052856445e+00 3.237804651260375977e+00 4.175630187988281250e+01
5.758821487426757812e+01 9.107007026672363281e+00 -3.759504556655883789e+00 9.107007026672363281e+00 5.374807739257812500e+01 4.853130340576171875e+00 -3.759504556655883789e+00 4.853130340576171875e+00 5.922821426391601562e+01
5.381864547729492188e+01 7.947376728057861328e+00 -2.269864797592163086e+00 7.947376728057861328e+00 5.028225326538085938e+01 2.975233554840087891e+00 -2.269864797592163086e+00 2.975233554840087891e+00 6.954436492919921875e+01
5.304011154174804688e+01 5.133460521697998047e+00 8.244231224060058594e+00 5.133460521697998047e+00 5.456321716308593750e+01 -6.906347751617431641e+00 8.244231224060058594e+00 -6.906347751617431641e+00 5.773608398437500000e+01
4.313307189941406250e+01 2.947063922882080078e+00 -8.167960166931152344e+00 2.947063922882080078e+00 3.681695938110351562e+01 -5.018537521362304688e+00 -8.167960166931152344e+00 -5.018537521362304688e+00 5.683179092407226562e+01
4.884183502197265625e+01 -6.097748279571533203e+00 2.669662475585937500e+00 -6.097748279571533203e+00 4.310585403442382812e+01 4.661502838134765625e+00 2.669662475585937500e+00 4.661502838134765625e+00 5.677902984619140625e+01
3.558817672729492188e+01 4.724760055541992188e+00 7.309203147888183594e+00 4.724760055541992188e+00 3.730994796752929688e+01 4.798379421234130859e+00 7.309203147888183594e+00 4.798379421234130859e+00 4.807546615600585938e+01
4.288619613647460938e+01 -6.702452659606933594e+00 1.041218280792236328e+01 -6.702452659606933594e+00 3.479156875610351562e+01 2.658147335052490234e+00 1.041218280792236328e+01 2.658147335052490234e+00 4.328729629516601562e+01
5.395011138916015625e+01 3.916720628738403320e+00 5.522823333740234375e+00 3.916720628738403320e+00 4.565803527832031250e+01 -5.808238506317138672e+00 5.522823333740234375e+00 -5.808238506317138672e+00 4.841215515136718750e+01
