2.013839530944824219e+01 -1.464040756225585938e+00 2.003625869750976562e+00 -1.464040756225585938e+00 8.234280586242675781e+00 -8.790181875228881836e-01 2.003625869750976562e+00 -8.790181875228881836e-01 -8.694095015525817871e-01
2.725799322128295898e+00 3.785657644271850586e+00 5.788349151611328125e+00 3.785657644271850586e+00 -1.530606174468994141e+01 -1.388237476348876953e+00 5.788349151611328125e+00 -1.388237476348876953e+00 -1.075507640838623047e+01
-4.353941977024078369e-01 7.019750118255615234e+00 5.445271015167236328e+00 7.019750118255615234e+00 -5.964966297149658203e+00 -3.010931968688964844e+00 5.445271015167236328e+00 -3.010931968688964844e+00 7.424169063568115234e+00
1.585286426544189453e+01 2.014384746551513672e+00 7.547836303710937500e+00 2.014384746551513672e+00 3.033798599243164062e+01 3.884708642959594727e+00 7.547836303710937500e+00 3.884708642959594727e+00 4.827894270420074463e-01
-1.311513805389404297e+01 3.635417938232421875e+00 4.159373283386230469e+00 3.635417938232421875e+00 -5.830922126770019531e+00 -2.891524076461791992e+00 4.159373283386230469e+00 -2.891524076461791992e+00 2.102117300033569336e+00
-2.505635261535644531e+01 -8.834751129150390625e+00 3.003050804138183594e+00 -8.834751129150390625e+00 -3.321268463134765625e+01 -7.421631336212158203e+00 3.003050804138183594e+00 -7.421631336212158203e+00 -2.322115898132324219e+01
9.324602127075195312e+00 -9.434189796447753906e+00 9.700297355651855469e+00 -9.434189796447753906e+00 1.484061336517333984e+01 8.500262260437011719e+00 9.700297355651855469e+00 8.500262260437011719e+00 1.398671627044677734e+01
-2.137335395812988281e+01 -3.070740461349487305e+00 -2.703334093093872070e+00 -3.070740461349487305e+00 -2.083295249938964844e+01 -1.582889080047607422e+00 -2.703334093093872070e+00 -1.582889080047607422e+00 -2.664494132995605469e+01
-1.448206233978271484e+01 6.035786628723144531e+00 7.030917644500732422e+00 6.035786628723144531e+00 -7.084392070770263672e+00 -3.187595129013061523e+00 7.030917644500732422e+00 -3.187595129013061523e+00 -1.284995937347412109e+01
-1.962209129333496094e+01 -1.754337430000305176e+00 9.161188006401062012e-01 -1.754337430000305176e+00 -1.855012512207031250e+01 4.907666206359863281e+00 9.161188006401062012e-01 4.907666206359863281e+00 -1.367588138580322266e+01
-2.043874549865722656e+01 7.311420440673828125e+00 -3.667256593704223633e+00 7.311420440673828125e+00 -1.750258255004882812e+01 1.048755931854248047e+01 -3.667256593704223633e+00 1.048755931854248047e+01 -3.019512557983398438e+01
1.207297444343566895e+00 -6.280211448669433594e+00 4.511246204376220703e+00 -6.280211448669433594e+00 -1.013243770599365234e+01 7.302803039550781250e+00 4.511246204376220703e+00 7.302803039550781250e+00 -1.113031506538391113e-01
-9.778594017028808594e+00 5.850404739379882812e+00 6.825252771377563477e-01 5.850404739379882812e+00 6.975025177001953125e+00 -8.992766380310058594e+00 6.825252771377563477e-01 -8.992766380310058594e+00 7.732748508453369141e+00
-4.853017330169677734e+00 3.993290901184082031e+00 -1.445397377014160156e+01 3.993290901184082031e+00 9.278403282165527344e+00 1.128506851196289062e+01 -1.445397377014160156e+01 1.128506851196289062e+01 1.871183586120605469e+01
-1.711033940315246582e+00 8.260278701782226562e-01 -1.927073717117309570e+00 8.260278701782226562e-01 -1.193342781066894531e+01 -8.036779761314392090e-01 -1.927073717117309570e+00 -8.036779761314392090e-01 -2.098775386810302734e+00
-1.836447334289550781e+01 3.335264444351196289e+00 -1.598357081413269043e+00 3.335264444351196289e+00 -4.182411193847656250e+00 -6.808644771575927734e+00 -1.598357081413269043e+00 -6.808644771575927734e+00 -6.020554542541503906e+00
-9.210156440734863281e+00 -4.500358581542968750e+00 1.247983455657958984e+00 -4.500358581542968750e+00 2.465433120727539062e+00 7.222225069999694824e-01 1.247983455657958984e+00 7.222225069999694824e-01 -9.677798271179199219e+00
-3.808406889438629150e-01 2.001292705535888672e+00 8.513163566589355469e+00 2.001292705535888672e+00 -5.229408144950866699e-01 -9.571665763854980469e+00 8.513163566589355469e+00 -9.571665763854980469e+00 -5.124242305755615234e-01
8.904849052429199219e+00 1.079626202583312988e+00 -3.620472431182861328e+00 1.079626202583312988e+00 7.870341300964355469e+00 -7.201174259185791016e+00 -3.620472431182861328e+00 -7.201174259185791016e+00 5.595093250274658203e+00
-7.103177547454833984e+00 -3.171216726303100586e+00 3.621961832046508789e+00 -3.171216726303100586e+00 -1.142095851898193359e+01 -3.552469491958618164e+00 3.621961832046508789e+00 -3.552469491958618164e+00 -7.150550842285156250e+00
2.023880958557128906e+01 1.567217469215393066e+00 1.570695281028747559e+00 1.567217469215393066e+00 5.431458473205566406e+00 -4.617754459381103516e+00 1.570695281028747559e+00 -4.617754459381103516e+00 1.255808353424072266e+01
1.060034847259521484e+01 1.340598678588867188e+01 -3.112891197204589844e+00 1.340598678588867188e+01 2.709558248519897461e+00 7.151579380035400391e+00 -3.112891197204589844e+00 7.151579380035400391e+00 1.436897158622741699e+00
-2.635545349121093750e+01 4.827731132507324219e+00 -3.124860763549804688e+00 4.827731132507324219e+00 -2.193074417114257812e+01 -4.744056224822998047e+00 -3.124860763549804688e+00 -4.744056224822998047e+00 -1.505359745025634766e+01
-1.688239932060241699e+00 -3.332330226898193359e+00 1.598428845405578613e+00 -3.332330226898193359e+00 -1.181286907196044922e+01 -5.673054695129394531e+00 1.598428845405578613e+00 -5.673054695129394531e+00 -1.020300388336181641e+01
-1.959381103515625000e+01 -1.982405304908752441e+00 6.289365291595458984e+00 -1.982405304908752441e+00 -4.000835418701171875e+01 8.129128217697143555e-01 6.289365291595458984e+00 8.129128217697143555e-01 -2.537790489196777344e+01
-1.249031734466552734e+01 -1.025711822509765625e+01 5.999146938323974609e+00 -1.025711822509765625e+01 2.187746286392211914e+00 2.903295755386352539e+00 5.999146938323974609e+00 2.903295755386352539e+00 -1.042856311798095703e+01
-2.223687553405761719e+01 -6.012458324432373047e+00 1.128421592712402344e+01 -6.012458324432373047e+00 -2.445302772521972656e+01 -1.061752700805664062e+01 1.128421592712402344e+01 -1.061752700805664062e+01 -2.329518699645996094e+01
-1.925430870056152344e+01 9.465466499328613281e+00 -2.511473655700683594e+00 9.465466499328613281e+00 -2.559170532226562500e+01 8.194373130798339844e+00 -2.511473655700683594e+00 8.194373130798339844e+00 -1.983593940734863281e+01
2.065267944335937500e+01 2.469589233398437500e+00 2.968780040740966797e+00 2.469589233398437500e+00 1.958008956909179688e+01 -3.375465154647827148e+00 2.968780040740966797e+00 -3.375465154647827148e+00 8.193476676940917969e+00
-2.339661026000976562e+01 -3.640854954719543457e-01 4.673061847686767578e+00 -3.640854954719543457e-01 -1.372836780548095703e+01 9.335215091705322266e-01 4.673061847686767578e+00 9.335215091705322266e-01 -1.219948291778564453e+01
-1.896537542343139648e-01 1.634538054466247559e+00 9.339305877685546875e+00 1.634538054466247559e+00 9.118902206420898438e+00 -4.580783367156982422e+00 9.339305877685546875e+00 -4.580783367156982422e+00 1.813401412963867188e+01
1.405899429321289062e+01 -2.923383712768554688e+00 4.690224647521972656e+00 -2.923383712768554688e+00 -4.438295364379882812e+00 -1.341914772987365723e+00 4.690224647521972656e+00 -1.341914772987365723e+00 4.541560649871826172e+00
7.848924160003662109e+00 -3.146636724472045898e+00 9.161788940429687500e+00 -3.146636724472045898e+00 3.411343002319335938e+01 3.315203189849853516e+00 9.161788940429687500e+00 3.315203189849853516e+00 2.793257522583007812e+01
-1.315461158752441406e+01 -4.386785328388214111e-01 3.220156431198120117e+00 -4.386785328388214111e-01 1.043713569641113281e+00 1.339854359626770020e+00 3.220156431198120117e+00 1.339854359626770020e+00 8.727362632751464844e+00
-4.912155866622924805e-01 -1.528006911277770996e+00 8.527886867523193359e-01 -1.528006911277770996e+00 -1.405474758148193359e+01 3.495864868164062500e+00 8.527886867523193359e-01 3.495864868164062500e+00 6.802409172058105469e+00
-1.207467079162597656e+01 5.438678264617919922e+00 4.489719569683074951e-01 5.438678264617919922e+00 -2.564123153686523438e+01 6.032790184020996094e+00 4.489719569683074951e-01 6.032790184020996094e+00 -3.095655822753906250e+01
1.106822967529296875e+01 -1.545625567436218262e+00 7.117884755134582520e-01 -1.545625567436218262e+00 4.151543617248535156e+00 -7.763928890228271484e+00 7.117884755134582520e-01 -7.763928890228271484e+00 -1.613916015625000000e+01
3.563990402221679688e+01 2.653846979141235352e+00 7.470686912536621094e+00 2.653846979141235352e+00 1.058957862854003906e+01 -5.898175716400146484e+00 7.470686912536621094e+00 -5.898175716400146484e+00 1.009626579284667969e+01
6.332406520843505859e+00 -9.512583017349243164e-01 3.209093332290649414e+00 -9.512583017349243164e-01 -1.612462043762207031e+01 -1.071782588958740234e+01 3.209093332290649414e+00 -1.071782588958740234e+01 -2.522870826721191406e+01
-1.638620615005493164e+00 -5.920340418815612793e-01 6.130935668945312500e+00 -5.920340418815612793e-01 5.321915626525878906e+00 2.862793207168579102e+00 6.130935668945312500e+00 2.862793207168579102e+00 1.645070838928222656e+01
-8.085059165954589844e+00 -1.051285362243652344e+01 4.044583797454833984e+00 -1.051285362243652344e+01 -1.640986824035644531e+01 6.425273418426513672e-02 4.044583797454833984e+00 6.425273418426513672e-02 -9.425550460815429688e+00
1.457162761688232422e+01 -1.348337084054946899e-01 -6.598394870758056641e+00 -1.348337084054946899e-01 6.076703548431396484e+00 -1.314807701110839844e+01 -6.598394870758056641e+00 -1.314807701110839844e+01 1.071435642242431641e+01
1.562310934066772461e+00 6.096347332000732422e+00 6.925913810729980469e+00 6.096347332000732422e+00 2.855244398117065430e+00 -2.682965517044067383e+00 6.925913810729980469e+00 -2.682965517044067383e+00 3.245712757110595703e+00
-3.077491044998168945e+00 -3.554535865783691406e+00 -1.905885040760040283e-01 -3.554535865783691406e+00 -2.242773056030273438e+01 9.849749803543090820e-01 -1.905885040760040283e-01 9.849749803543090820e-01 -2.144029045104980469e+01
-2.102532386779785156e+01 6.927058696746826172e+00 -4.015462875366210938e+00 6.927058696746826172e+00 -4.333123683929443359e+00 -2.500429749488830566e-01 -4.015462875366210938e+00 -2.500429749488830566e-01 -5.960174202919006348e-01
-1.252570247650146484e+01 2.333706617355346680e+00 -4.988943099975585938e+00 2.333706617355346680e+00 -1.567385959625244141e+01 -1.962597966194152832e+00 -4.988943099975585938e+00 -1.962597966194152832e+00 -2.894598770141601562e+01
-1.383714962005615234e+01 -1.287741780281066895e+00 -4.511088848114013672e+00 -1.287741780281066895e+00 -1.533126831054687500e+01 -1.075564193725585938e+01 -4.511088848114013672e+00 -1.075564193725585938e+01 -2.193302345275878906e+01
9.089513778686523438e+00 -1.679048895835876465e+00 -2.969732284545898438e+00 -1.679048895835876465e+00 2.007419013977050781e+01 -2.315671205520629883e+00 -2.969732284545898438e+00 -2.315671205520629883e+00 2.399209976196289062e+01
-3.793043613433837891e+00 -6.389539241790771484e+00 -6.960646152496337891e+00 -6.389539241790771484e+00 -1.504460048675537109e+01 1.879721999168395996e+00 -6.960646152496337891e+00 1.879721999168395996e+00 -2.055067443847656250e+01
3.001237869262695312e+01 1.321019530296325684e-01 6.980694770812988281e+00 1.321019530296325684e-01 6.527572631835937500e+00 9.854893684387207031e+00 6.980694770812988281e+00 9.854893684387207031e+00 -1.512408137321472168e+00
-3.978290081024169922e+00 1.380908298492431641e+01 -2.692381858825683594e+00 1.380908298492431641e+01 -7.176419258117675781e+00 6.980010509490966797e+00 -2.692381858825683594e+00 6.980010509490966797e+00 -9.042563438415527344e+00
-1.759387588500976562e+01 -2.462041854858398438e+00 -8.623293876647949219e+00 -2.462041854858398438e+00 -2.431985855102539062e+01 7.444257140159606934e-01 -8.623293876647949219e+00 7.444257140159606934e-01 3.144794464111328125e+00
-4.355268478393554688e+00 6.626098632812500000e+00 -4.744159221649169922e+00 6.626098632812500000e+00 -3.673733139038085938e+01 6.267356395721435547e+00 -4.744159221649169922e+00 6.267356395721435547e+00 -3.057777023315429688e+01
-1.039579486846923828e+01 -1.360030937194824219e+01 1.103418588638305664e+00 -1.360030937194824219e+01 -8.471174240112304688e+00 2.742682456970214844e+00 1.103418588638305664e+00 2.742682456970214844e+00 -7.027167320251464844e+00
3.068426847457885742e+00 2.794055223464965820e+00 -6.429156303405761719e+00 2.794055223464965820e+00 1.737354850769042969e+01 -4.190842628479003906e+00 -6.429156303405761719e+00 -4.190842628479003906e+00 7.250601291656494141e+00
-3.022095298767089844e+01 -9.255234718322753906e+00 2.754057168960571289e+00 -9.255234718322753906e+00 -1.707826423645019531e+01 4.259879589080810547e+00 2.754057168960571289e+00 4.259879589080810547e+00 -1.655199623107910156e+01
-1.228385925292968750e+01 8.928905487060546875e+00 8.092862129211425781e+00 8.928905487060546875e+00 -1.412391376495361328e+01 -1.473878383636474609e+00 8.092862129211425781e+00 -1.473878383636474609e+00 -1.845862770080566406e+01
3.040686845779418945e+00 -1.096109032630920410e+00 -2.459285974502563477e+00 -1.096109032630920410e+00 -2.374880075454711914e+00 3.534002065658569336e+00 -2.459285974502563477e+00 3.534002065658569336e+00 -5.856497287750244141e+00
4.755697250366210938e+00 -1.727894902229309082e+00 -2.010585546493530273e+00 -1.727894902229309082e+00 2.325275993347167969e+01 -6.863811492919921875e+00 -2.010585546493530273e+00 -6.863811492919921875e+00 1.672454261779785156e+01
3.454921960830688477e+00 -2.370281696319580078e+00 -4.512807846069335938e+00 -2.370281696319580078e+00 6.222368717193603516e+00 -3.044065475463867188e+00 -4.512807846069335938e+00 -3.044065475463867188e+00 -1.998846435546875000e+01
-2.469223976135253906e+01 -7.807232737541198730e-01 1.156332612037658691e+00 -7.807232737541198730e-01 -2.816681289672851562e+01 4.408256053924560547e+00 1.156332612037658691e+00 4.408256053924560547e+00 -1.964318275451660156e+01
3.531353473663330078e+00 -2.760075092315673828e+00 -3.812481641769409180e+00 -2.760075092315673828e+00 1.687775802612304688e+01 -1.200192642211914062e+01 -3.812481641769409180e+00 -1.200192642211914062e+01 1.162694358825683594e+01
-8.014989852905273438e+00 3.834448099136352539e+00 3.620786428451538086e+00 3.834448099136352539e+00 -1.383833980560302734e+01 -1.789662003517150879e+00 3.620786428451538086e+00 -1.789662003517150879e+00 -1.836287689208984375e+01
1.943252944946289062e+01 2.531792163848876953e+00 -8.613079190254211426e-01 2.531792163848876953e+00 3.215117931365966797e+00 -5.771340370178222656e+00 -8.613079190254211426e-01 -5.771340370178222656e+00 -5.073059082031250000e+00
6.191431045532226562e+00 6.915205001831054688e+00 -3.519548654556274414e+00 6.915205001831054688e+00 1.729429626464843750e+01 -4.180173873901367188e+00 -3.519548654556274414e+00 -4.180173873901367188e+00 9.437949180603027344e+00
1.854142189025878906e+01 3.991168022155761719e+00 1.397541236877441406e+01 3.991168022155761719e+00 1.771044158935546875e+01 -2.522420883178710938e+00 1.397541236877441406e+01 -2.522420883178710938e+00 -2.341699838638305664e+00
-2.550381469726562500e+01 9.843497276306152344e+00 9.787819862365722656e+00 9.843497276306152344e+00 4.817334651947021484e+00 3.332550048828125000e+00 9.787819862365722656e+00 3.332550048828125000e+00 -1.058608150482177734e+01
1.885953330993652344e+01 5.294973850250244141e+00 1.854294776916503906e+00 5.294973850250244141e+00 7.401237964630126953e+00 -6.638096332550048828e+00 1.854294776916503906e+00 -6.638096332550048828e+00 2.167266082763671875e+01
-7.392921924591064453e+00 1.126556634902954102e+00 -1.501219421625137329e-01 1.126556634902954102e+00 -2.739404296875000000e+01 -2.249260902404785156e+00 -1.501219421625137329e-01 -2.249260902404785156e+00 -2.181799316406250000e+01
8.201883316040039062e+00 -1.440415978431701660e+00 -1.164179325103759766e+00 -1.440415978431701660e+00 1.266346645355224609e+01 -5.496396422386169434e-01 -1.164179325103759766e+00 -5.496396422386169434e-01 3.725584030151367188e+00
-2.070937156677246094e+01 4.008477687835693359e+00 -9.020995140075683594e+00 4.008477687835693359e+00 -1.174619388580322266e+01 8.491410613059997559e-01 -9.020995140075683594e+00 8.491410613059997559e-01 -1.666072273254394531e+01
-1.186861395835876465e+00 -5.683043599128723145e-01 1.896462678909301758e+00 -5.683043599128723145e-01 -1.331572151184082031e+01 7.115665435791015625e+00 1.896462678909301758e+00 7.115665435791015625e+00 1.152330207824707031e+01
1.169303774833679199e+00 -6.419038772583007812e+00 1.048631787300109863e+00 -6.419038772583007812e+00 -7.560409307479858398e-01 -8.072062730789184570e-01 1.048631787300109863e+00 -8.072062730789184570e-01 -1.552079391479492188e+01
-7.560286521911621094e+00 5.113311767578125000e+00 -9.528520107269287109e-01 5.113311767578125000e+00 -1.562038040161132812e+01 -2.091739892959594727e+00 -9.528520107269287109e-01 -2.091739892959594727e+00 -4.343791961669921875e+00
-2.268959236145019531e+01 2.269015163183212280e-01 -5.366925239562988281e+00 2.269015163183212280e-01 -2.491543197631835938e+01 3.192184925079345703e+00 -5.366925239562988281e+00 3.192184925079345703e+00 2.530502796173095703e+00
-2.780562210083007812e+01 -7.275169849395751953e+00 -1.123902893066406250e+01 -7.275169849395751953e+00 -2.883828926086425781e+01 -7.188334465026855469e-01 -1.123902893066406250e+01 -7.188334465026855469e-01 -9.500233650207519531e+00
1.864167571067810059e+00 5.043562412261962891e+00 6.437581062316894531e+00 5.043562412261962891e+00 1.866976737976074219e+01 1.056229209899902344e+01 6.437581062316894531e+00 1.056229209899902344e+01 1.420363330841064453e+01
1.821637535095214844e+01 -4.044475078582763672e+00 1.331315636634826660e+00 -4.044475078582763672e+00 1.737601280212402344e+01 -9.573091506958007812e+00 1.331315636634826660e+00 -9.573091506958007812e+00 1.001983642578125000e+01
4.651453971862792969e+00 -2.019158601760864258e+00 4.111598014831542969e+00 -2.019158601760864258e+00 1.180172538757324219e+01 1.867144227027893066e+00 4.111598014831542969e+00 1.867144227027893066e+00 8.580353736877441406e+00
2.369120025634765625e+01 -8.585288047790527344e+00 -2.559641361236572266e+00 -8.585288047790527344e+00 2.877742958068847656e+01 -1.923164874315261841e-01 -2.559641361236572266e+00 -1.923164874315261841e-01 5.817695140838623047e+00
2.708070755004882812e+01 4.870963096618652344e+00 -1.320278525352478027e+00 4.870963096618652344e+00 -6.200180053710937500e-01 5.122874736785888672e+00 -1.320278525352478027e+00 5.122874736785888672e+00 3.028654289245605469e+01
-3.321075201034545898e+00 6.292091369628906250e+00 -3.776204109191894531e+00 6.292091369628906250e+00 1.534712886810302734e+01 -9.293277740478515625e+00 -3.776204109191894531e+00 -9.293277740478515625e+00 4.806178092956542969e+00
4.967988014221191406e+00 -2.861204147338867188e+00 3.498707771301269531e+00 -2.861204147338867188e+00 -2.247370338439941406e+01 -6.770745277404785156e+00 3.498707771301269531e+00 -6.770745277404785156e+00 -2.019807434082031250e+01
1.539495372772216797e+01 1.967243552207946777e+00 -4.150412559509277344e+00 1.967243552207946777e+00 8.782169342041015625e+00 -3.892575025558471680e+00 -4.150412559509277344e+00 -3.892575025558471680e+00 4.281881809234619141e+00
4.871936798095703125e+00 -3.504865884780883789e+00 7.081918716430664062e+00 -3.504865884780883789e+00 -1.007223892211914062e+01 -1.021842288970947266e+01 7.081918716430664062e+00 -1.021842288970947266e+01 -4.846848011016845703e+00
-2.872524976730346680e+00 -8.859928131103515625e+00 4.021486639976501465e-01 -8.859928131103515625e+00 -2.422147560119628906e+01 -2.550515651702880859e+00 4.021486639976501465e-01 -2.550515651702880859e+00 -1.694332122802734375e+01
5.052942276000976562e+00 1.204924869537353516e+01 -9.980533599853515625e+00 1.204924869537353516e+01 2.174978637695312500e+01 2.963810682296752930e+00 -9.980533599853515625e+00 2.963810682296752930e+00 -4.328446090221405029e-01
-4.091245174407958984e+00 -6.191983699798583984e+00 -4.154786109924316406e+00 -6.191983699798583984e+00 1.139293861389160156e+01 1.905314445495605469e+00 -4.154786109924316406e+00 1.905314445495605469e+00 1.568810367584228516e+01
-2.630319595336914062e+01 1.262067794799804688e+01 -1.466218185424804688e+01 1.262067794799804688e+01 -2.060802459716796875e+01 -2.510840654373168945e+00 -1.466218185424804688e+01 -2.510840654373168945e+00 -1.903831863403320312e+01
2.398996925354003906e+01 3.715126276016235352e+00 -9.778269767761230469e+00 3.715126276016235352e+00 -1.080937385559082031e+01 -1.980048775672912598e+00 -9.778269767761230469e+00 -1.980048775672912598e+00 4.673269271850585938e+00
5.721346378326416016e+00 6.398572444915771484e+00 1.071653652191162109e+01 6.398572444915771484e+00 3.979806661605834961e+00 -6.356118679046630859e+00 1.071653652191162109e+01 -6.356118679046630859e+00 1.812829589843750000e+01
-1.491629886627197266e+01 3.924462080001831055e+00 4.374591827392578125e+00 3.924462080001831055e+00 -2.197312927246093750e+01 1.210414028167724609e+01 4.374591827392578125e+00 1.210414028167724609e+01 -3.624982070922851562e+01
5.805492401123046875e+00 4.304371774196624756e-01 -2.018290042877197266e+00 4.304371774196624756e-01 1.829279708862304688e+01 8.223214149475097656e+00 -2.018290042877197266e+00 8.223214149475097656e+00 8.634684562683105469e+00
2.024781227111816406e+01 -6.487922668457031250e+00 3.966093778610229492e+00 -6.487922668457031250e+00 3.049106216430664062e+01 -9.273397445678710938e+00 3.966093778610229492e+00 -9.273397445678710938e+00 1.567512226104736328e+01
-1.806526374816894531e+01 6.148166179656982422e+00 -1.104333114624023438e+01 6.148166179656982422e+00 -1.972896575927734375e+01 -5.845335483551025391e+00 -1.104333114624023438e+01 -5.845335483551025391e+00 -1.715816497802734375e+01
2.467490434646606445e+00 -2.308465003967285156e+00 1.662454485893249512e+00 -2.308465003967285156e+00 9.894051551818847656e+00 1.290776491165161133e+00 1.662454485893249512e+00 1.290776491165161133e+00 -2.735953092575073242e+00
1.136815261840820312e+01 -5.759567260742187500e+00 9.032528877258300781e+00 -5.759567260742187500e+00 1.438675403594970703e+01 1.154113769531250000e+00 9.032528877258300781e+00 1.154113769531250000e+00 1.295069122314453125e+01
8.174118041992187500e+00 -9.581390619277954102e-01 3.320379734039306641e+00 -9.581390619277954102e-01 1.377287292480468750e+01 7.401336669921875000e+00 3.320379734039306641e+00 7.401336669921875000e+00 1.493167686462402344e+01
-1.164455890655517578e+01 7.962728291749954224e-02 -4.339066028594970703e+00 7.962728291749954224e-02 -9.037979125976562500e+00 1.409301280975341797e+01 -4.339066028594970703e+00 1.409301280975341797e+01 -1.910193634033203125e+01
-1.145500183105468750e+01 6.668285846710205078e+00 -2.179833412170410156e+00 6.668285846710205078e+00 -3.461867809295654297e+00 5.212732791900634766e+00 -2.179833412170410156e+00 5.212732791900634766e+00 -1.474676036834716797e+01
