1.586064696311950684e-01 -1.115171432495117188e+01 -5.147674560546875000e+00 -1.115171432495117188e+01 -9.986183166503906250e+00 -1.367602825164794922e+00 -5.147674560546875000e+00 -1.367602825164794922e+00 1.104543876647949219e+01
7.160424232482910156e+00 9.092746734619140625e+00 -1.184138774871826172e+00 9.092746734619140625e+00 -9.900749474763870239e-02 1.209017038345336914e+00 -1.184138774871826172e+00 1.209017038345336914e+00 1.608334159851074219e+01
-5.013071060180664062e+00 6.383891105651855469e+00 6.856179714202880859e+00 6.383891105651855469e+00 1.582552790641784668e+00 1.784653472900390625e+01 6.856179714202880859e+00 1.784653472900390625e+01 8.238114356994628906e+00
8.429341316223144531e+00 -6.083302974700927734e+00 -9.528447389602661133e-01 -6.083302974700927734e+00 -1.094196677207946777e+00 -6.711370348930358887e-01 -9.528447389602661133e-01 -6.711370348930358887e-01 8.492333412170410156e+00
-1.303450775146484375e+01 2.376693189144134521e-01 -4.538983821868896484e+00 2.376693189144134521e-01 -2.243005943298339844e+01 4.929130673408508301e-01 -4.538983821868896484e+00 4.929130673408508301e-01 -3.689995050430297852e+00
7.341069698333740234e+00 9.084252357482910156e+00 4.455943107604980469e+00 9.084252357482910156e+00 5.157952308654785156e+00 2.724064111709594727e+00 4.455943107604980469e+00 2.724064111709594727e+00 9.351152420043945312e+00
-2.253774452209472656e+01 -5.416834354400634766e+00 -7.618433475494384766e+00 -5.416834354400634766e+00 -4.509992980957031250e+01 2.430542230606079102e+00 -7.618433475494384766e+00 2.430542230606079102e+00 -2.323268318176269531e+01
-1.768025779724121094e+01 -8.927698135375976562e+00 -2.090893834829330444e-01 -8.927698135375976562e+00 1.822922468185424805e+00 1.298849773406982422e+01 -2.090893834829330444e-01 1.298849773406982422e+01 3.898166418075561523e+00
3.069117164611816406e+01 -5.070637702941894531e+00 4.610800743103027344e+00 -5.070637702941894531e+00 7.404997825622558594e+00 -5.302154064178466797e+00 4.610800743103027344e+00 -5.302154064178466797e+00 2.948712348937988281e+01
1.225395202636718750e+01 3.464645147323608398e+00 1.060551261901855469e+01 3.464645147323608398e+00 6.665402889251708984e+00 -8.977566719055175781e+00 1.060551261901855469e+01 -8.977566719055175781e+00 -5.008904933929443359e-01
-2.566681146621704102e+00 6.579010486602783203e-01 2.003372192382812500e+00 6.579010486602783203e-01 -3.981666564941406250e+00 -5.045080184936523438e+00 2.003372192382812500e+00 -5.045080184936523438e+00 -1.896413230895996094e+01
-1.724253845214843750e+01 -1.281270027160644531e+01 6.910539627075195312e+00 -1.281270027160644531e+01 -9.903522133827209473e-01 7.493753433227539062e+00 6.910539627075195312e+00 7.493753433227539062e+00 -3.573098421096801758e+00
1.030647659301757812e+01 7.689318656921386719e+00 -1.317872714996337891e+01 7.689318656921386719e+00 -8.428058624267578125e+00 1.425361275672912598e+00 -1.317872714996337891e+01 1.425361275672912598e+00 2.107125282287597656e+01
-4.065325927734375000e+01 -3.215294361114501953e+00 2.295866489410400391e+00 -3.215294361114501953e+00 -1.125081253051757812e+01 5.782202243804931641e+00 2.295866489410400391e+00 5.782202243804931641e+00 -7.503401279449462891e+00
7.215469837188720703e+00 -7.388722419738769531e+00 -1.307508349418640137e-01 -7.388722419738769531e+00 -1.336963653564453125e+01 2.802826166152954102e-01 -1.307508349418640137e-01 2.802826166152954102e-01 -7.595241546630859375e+00
1.724735641479492188e+01 -4.104323387145996094e+00 7.209778785705566406e+00 -4.104323387145996094e+00 2.391481208801269531e+01 6.265040874481201172e+00 7.209778785705566406e+00 6.265040874481201172e+00 1.813979911804199219e+01
6.934524059295654297e+00 9.083752632141113281e+00 -2.791040658950805664e+00 9.083752632141113281e+00 1.803028106689453125e+00 -1.697381734848022461e+00 -2.791040658950805664e+00 -1.697381734848022461e+00 -6.266684055328369141e+00
-1.398619651794433594e+01 2.648310422897338867e+00 5.623010635375976562e+00 2.648310422897338867e+00 -2.749706268310546875e+00 7.444514274597167969e+00 5.623010635375976562e+00 7.444514274597167969e+00 -7.087296009063720703e+00
1.481159400939941406e+01 -6.008538246154785156e+00 1.029931735992431641e+01 -6.008538246154785156e+00 5.264242172241210938e+00 1.132510852813720703e+01 1.029931735992431641e+01 1.132510852813720703e+01 2.837216949462890625e+01
-1.644992065429687500e+01 7.976130247116088867e-01 4.477786540985107422e+00 7.976130247116088867e-01 -9.646640777587890625e+00 3.369469881057739258e+00 4.477786540985107422e+00 3.369469881057739258e+00 -2.303718948364257812e+01
-1.431587886810302734e+01 1.518109887838363647e-01 1.103172206878662109e+01 1.518109887838363647e-01 -1.156328964233398438e+01 -9.017852783203125000e+00 1.103172206878662109e+01 -9.017852783203125000e+00 -2.610593986511230469e+01
5.760493755340576172e+00 5.801689624786376953e+00 -4.547377109527587891e+00 5.801689624786376953e+00 1.384155464172363281e+01 -1.846050024032592773e+00 -4.547377109527587891e+00 -1.846050024032592773e+00 1.925286293029785156e+01
1.142029762268066406e+01 2.088583469390869141e+00 -3.954761624336242676e-01 2.088583469390869141e+00 1.619952011108398438e+01 8.023736000061035156e+00 -3.954761624336242676e-01 8.023736000061035156e+00 2.446216964721679688e+01
-3.075453186035156250e+01 -7.879374980926513672e+00 -8.775685310363769531e+00 -7.879374980926513672e+00 -1.583651638031005859e+01 -2.999101877212524414e+00 -8.775685310363769531e+00 -2.999101877212524414e+00 -1.959199714660644531e+01
2.166294097900390625e+01 2.038405418395996094e+00 4.674089908599853516e+00 2.038405418395996094e+00 -3.860278844833374023e+00 2.190586566925048828e+00 4.674089908599853516e+00 2.190586566925048828e+00 2.753739356994628906e+00
-1.024810409545898438e+01 1.177814483642578125e+01 -2.563516616821289062e+00 1.177814483642578125e+01 -1.275743770599365234e+01 -7.537493705749511719e-01 -2.563516616821289062e+00 -7.537493705749511719e-01 -2.097179985046386719e+01
1.247075080871582031e+01 -7.501640319824218750e+00 1.854122638702392578e+00 -7.501640319824218750e+00 1.113358783721923828e+01 4.421939373016357422e+00 1.854122638702392578e+00 4.421939373016357422e+00 -3.976058006286621094e+00
6.823327064514160156e+00 -1.445349574089050293e+00 -1.068649053573608398e+00 -1.445349574089050293e+00 -1.959027647972106934e+00 5.016396045684814453e+00 -1.068649053573608398e+00 5.016396045684814453e+00 1.108713054656982422e+01
1.612397575378417969e+01 1.274196434020996094e+01 -7.386911869049072266e+00 1.274196434020996094e+01 1.955396461486816406e+01 5.949325084686279297e+00 -7.386911869049072266e+00 5.949325084686279297e+00 1.350272274017333984e+01
-9.508481025695800781e+00 1.053871917724609375e+01 -2.179789543151855469e+00 1.053871917724609375e+01 -2.099024009704589844e+01 9.543232917785644531e-01 -2.179789543151855469e+00 9.543232917785644531e-01 -1.482502269744873047e+01
3.080758857727050781e+01 4.472060203552246094e+00 -5.935970306396484375e+00 4.472060203552246094e+00 2.740745925903320312e+01 -5.934491753578186035e-01 -5.935970306396484375e+00 -5.934491753578186035e-01 8.882494568824768066e-01
-1.371518254280090332e+00 4.073484420776367188e+00 -9.615277290344238281e+00 4.073484420776367188e+00 -1.475350570678710938e+01 -1.094661712646484375e+01 -9.615277290344238281e+00 -1.094661712646484375e+01 -1.133794879913330078e+01
-4.643302917480468750e+00 -3.506903648376464844e+00 -3.598523616790771484e+00 -3.506903648376464844e+00 -4.935058593750000000e+00 6.116892695426940918e-01 -3.598523616790771484e+00 6.116892695426940918e-01 -1.886332702636718750e+01
2.901677894592285156e+01 5.261620044708251953e+00 -1.978001236915588379e+00 5.261620044708251953e+00 1.762786483764648438e+01 5.990081310272216797e+00 -1.978001236915588379e+00 5.990081310272216797e+00 2.447248649597167969e+01
-6.763828396797180176e-01 1.487781524658203125e+01 3.685811996459960938e+00 1.487781524658203125e+01 7.666454792022705078e+00 -1.580552768707275391e+01 3.685811996459960938e+00 -1.580552768707275391e+01 2.282634735107421875e+01
1.698387265205383301e+00 -9.944886207580566406e+00 -3.638145208358764648e+00 -9.944886207580566406e+00 1.188185024261474609e+01 -4.551083564758300781e+00 -3.638145208358764648e+00 -4.551083564758300781e+00 3.249337387084960938e+01
2.146853446960449219e+01 -3.346115827560424805e+00 8.059532165527343750e+00 -3.346115827560424805e+00 1.045703411102294922e+01 -4.323816776275634766e+00 8.059532165527343750e+00 -4.323816776275634766e+00 1.192076015472412109e+01
-2.700680923461914062e+01 1.689042806625366211e+00 -5.368691444396972656e+00 1.689042806625366211e+00 -1.005037689208984375e+01 -6.458416581153869629e-01 -5.368691444396972656e+00 -6.458416581153869629e-01 -1.568120861053466797e+01
-1.094919776916503906e+01 -5.520725727081298828e+00 -7.181258678436279297e+00 -5.520725727081298828e+00 -2.185452651977539062e+01 -7.175094127655029297e+00 -7.181258678436279297e+00 -7.175094127655029297e+00 4.695041656494140625e+00
-1.656250381469726562e+01 1.185082197189331055e+00 1.709448099136352539e+00 1.185082197189331055e+00 -2.411162185668945312e+01 5.903870105743408203e+00 1.709448099136352539e+00 5.903870105743408203e+00 -1.491776275634765625e+01
-2.352445602416992188e+01 5.451059341430664062e+00 2.729070663452148438e+00 5.451059341430664062e+00 -2.221970176696777344e+01 6.763585805892944336e-01 2.729070663452148438e+00 6.763585805892944336e-01 -1.155924510955810547e+01
1.535854530334472656e+01 9.132310867309570312e+00 -6.688032150268554688e-01 9.132310867309570312e+00 -6.292737007141113281e+00 1.792095661163330078e+00 -6.688032150268554688e-01 1.792095661163330078e+00 -9.578839540481567383e-01
-1.008740711212158203e+01 9.873019218444824219e+00 -4.447369098663330078e+00 9.873019218444824219e+00 -5.520037174224853516e+00 7.485536575317382812e+00 -4.447369098663330078e+00 7.485536575317382812e+00 -2.656329154968261719e+00
-7.129223346710205078e+00 -1.556181311607360840e-01 -1.799458980560302734e+00 -1.556181311607360840e-01 -1.367022514343261719e+01 1.487129974365234375e+01 -1.799458980560302734e+00 1.487129974365234375e+01 -6.894719600677490234e+00
9.589014202356338501e-02 -3.345255181193351746e-02 6.777600288391113281e+00 -3.345255181193351746e-02 2.910802841186523438e+00 -2.555419921875000000e+00 6.777600288391113281e+00 -2.555419921875000000e+00 1.353577017784118652e+00
