-1.932624626159667969e+01 7.112666964530944824e-01 3.007047414779663086e+00 7.112666964530944824e-01 -1.867641639709472656e+01 -5.418792963027954102e-01 3.007047414779663086e+00 -5.418792963027954102e-01 -2.760655021667480469e+01
-1.777515983581542969e+01 4.362425327301025391e+00 6.733998298645019531e+00 4.362425327301025391e+00 -3.218035888671875000e+01 2.968311071395874023e+00 6.733998298645019531e+00 2.968311071395874023e+00 -3.403432846069335938e+01
-1.773000717163085938e+01 -2.560980319976806641e+00 4.284116744995117188e+00 -2.560980319976806641e+00 2.398252785205841064e-01 6.119328498840332031e+00 4.284116744995117188e+00 6.119328498840332031e+00 -2.256341743469238281e+01
1.408716487884521484e+01 -1.065416812896728516e+00 5.649184703826904297e+00 -1.065416812896728516e+00 7.200377941131591797e+00 -4.433688819408416748e-01 5.649184703826904297e+00 -4.433688819408416748e-01 1.949676704406738281e+01
9.638691902160644531e+00 5.546770572662353516e+00 -6.039072036743164062e+00 5.546770572662353516e+00 8.473654747009277344e+00 -1.053273487091064453e+01 -6.039072036743164062e+00 -1.053273487091064453e+01 1.102879428863525391e+01
-1.418021297454833984e+01 -1.082378387451171875e+01 2.790421724319458008e+00 -1.082378387451171875e+01 -1.248377227783203125e+01 -8.154186248779296875e+00 2.790421724319458008e+00 -8.154186248779296875e+00 -9.048549652099609375e+00
-2.811116981506347656e+01 9.628804206848144531e+00 9.279637336730957031e-01 9.628804206848144531e+00 -1.939577293395996094e+01 -4.429654121398925781e+00 9.279637336730957031e-01 -4.429654121398925781e+00 -2.720622444152832031e+01
-8.758260726928710938e+00 -5.815276622772216797e+00 -8.476917266845703125e+00 -5.815276622772216797e+00 -1.782485246658325195e-01 4.687020301818847656e+00 -8.476917266845703125e+00 4.687020301818847656e+00 -3.100055158138275146e-01
1.285762310028076172e+01 2.748924493789672852e+00 -1.714750409126281738e+00 2.748924493789672852e+00 9.426844596862792969e+00 5.541054725646972656e+00 -1.714750409126281738e+00 5.541054725646972656e+00 1.490595340728759766e+01
-1.157249927520751953e+01 3.486488163471221924e-01 -9.693547248840332031e+00 3.486488163471221924e-01 -1.831465911865234375e+01 -7.984003067016601562e+00 -9.693547248840332031e+00 -7.984003067016601562e+00 -1.610231399536132812e+01
-1.474916839599609375e+01 -4.375780105590820312e+00 -1.769972681999206543e+00 -4.375780105590820312e+00 -1.436836147308349609e+01 -7.136299610137939453e+00 -1.769972681999206543e+00 -7.136299610137939453e+00 -1.050477504730224609e+01
4.788600444793701172e+00 -1.450647449493408203e+01 -4.994270801544189453e+00 -1.450647449493408203e+01 -7.180046558380126953e+00 -1.614157104492187500e+01 -4.994270801544189453e+00 -1.614157104492187500e+01 -1.439919662475585938e+01
-2.347403717041015625e+01 8.307542800903320312e+00 7.081511020660400391e+00 8.307542800903320312e+00 -1.382840156555175781e+01 -1.141352558135986328e+01 7.081511020660400391e+00 -1.141352558135986328e+01 -3.095604324340820312e+01
2.249875450134277344e+01 1.007975673675537109e+01 -5.135259151458740234e+00 1.007975673675537109e+01 1.476858329772949219e+01 -7.499489307403564453e+00 -5.135259151458740234e+00 -7.499489307403564453e+00 -7.520416736602783203e+00
-2.811978149414062500e+01 7.792132377624511719e+00 -2.050324575975537300e-03 7.792132377624511719e+00 -2.177248239517211914e+00 2.535156250000000000e+00 -2.050324575975537300e-03 2.535156250000000000e+00 -1.032271003723144531e+01
-2.192523956298828125e+01 -3.820326566696166992e+00 -2.172311544418334961e+00 -3.820326566696166992e+00 -1.518655490875244141e+01 1.101229906082153320e+00 -2.172311544418334961e+00 1.101229906082153320e+00 2.688621282577514648e+00
-2.084659767150878906e+01 -9.606939315795898438e+00 -8.905002593994140625e+00 -9.606939315795898438e+00 -1.054193115234375000e+01 1.784884333610534668e+00 -8.905002593994140625e+00 1.784884333610534668e+00 5.318141937255859375e+00
-9.857206344604492188e+00 8.838052749633789062e+00 -1.090025806427001953e+01 8.838052749633789062e+00 -1.584989452362060547e+01 3.008488893508911133e+00 -1.090025806427001953e+01 3.008488893508911133e+00 -2.293994331359863281e+01
-2.000680160522460938e+01 4.154741764068603516e+00 -8.932399153709411621e-01 4.154741764068603516e+00 -2.264718246459960938e+01 -5.404538631439208984e+00 -8.932399153709411621e-01 -5.404538631439208984e+00 -1.742662620544433594e+01
5.431552886962890625e+00 6.999715328216552734e+00 1.447650623321533203e+01 6.999715328216552734e+00 1.424052047729492188e+01 2.971241950988769531e+00 1.447650623321533203e+01 2.971241950988769531e+00 -1.028548908233642578e+01
-5.529734134674072266e+00 4.720509052276611328e+00 -2.581611633300781250e+00 4.720509052276611328e+00 -1.842929840087890625e+01 -6.547655105590820312e+00 -2.581611633300781250e+00 -6.547655105590820312e+00 -2.047706413269042969e+01
-7.479142665863037109e+00 6.548461914062500000e+00 4.340103626251220703e+00 6.548461914062500000e+00 6.090517997741699219e+00 -1.002343177795410156e+01 4.340103626251220703e+00 -1.002343177795410156e+01 -1.402145004272460938e+01
-3.334329128265380859e+00 1.106903934478759766e+01 -3.260110616683959961e+00 1.106903934478759766e+01 -8.059952735900878906e+00 -5.887881755828857422e+00 -3.260110616683959961e+00 -5.887881755828857422e+00 3.417323827743530273e+00
-1.435559654235839844e+01 1.028884410858154297e+01 -1.925669193267822266e+00 1.028884410858154297e+01 -4.085788726806640625e+00 7.852985858917236328e+00 -1.925669193267822266e+00 7.852985858917236328e+00 -2.386167144775390625e+01
1.890392684936523438e+01 -6.730895638465881348e-01 -5.550201535224914551e-01 -6.730895638465881348e-01 2.063940620422363281e+01 7.381777286529541016e+00 -5.550201535224914551e-01 7.381777286529541016e+00 3.318529510498046875e+01
3.341730535030364990e-01 -5.773713111877441406e+00 3.650968313217163086e+00 -5.773713111877441406e+00 -6.019910812377929688e+00 4.631944000720977783e-01 3.650968313217163086e+00 4.631944000720977783e-01 -4.230412006378173828e+00
-1.644270324707031250e+01 -2.756288290023803711e+00 2.375687360763549805e+00 -2.756288290023803711e+00 -6.183703899383544922e+00 -6.147773265838623047e+00 2.375687360763549805e+00 -6.147773265838623047e+00 -1.979198455810546875e+01
-8.183774948120117188e+00 -4.243270397186279297e+00 9.223857879638671875e+00 -4.243270397186279297e+00 -5.496316552162170410e-01 -7.384429454803466797e+00 9.223857879638671875e+00 -7.384429454803466797e+00 -9.000018119812011719e+00
-2.619785690307617188e+01 -4.646516442298889160e-01 1.409393024444580078e+01 -4.646516442298889160e-01 -1.881795310974121094e+01 1.442499041557312012e+00 1.409393024444580078e+01 1.442499041557312012e+00 -8.074714660644531250e+00
-3.579237747192382812e+01 5.597402572631835938e+00 -7.260403633117675781e+00 5.597402572631835938e+00 -2.873546028137207031e+01 2.265342473983764648e+00 -7.260403633117675781e+00 2.265342473983764648e+00 -3.438056182861328125e+01
-1.475751876831054688e+01 8.313483238220214844e+00 3.088356018066406250e+00 8.313483238220214844e+00 -1.083897113800048828e+01 4.445637762546539307e-01 3.088356018066406250e+00 4.445637762546539307e-01 -2.045619010925292969e+01
-1.695426177978515625e+01 3.190696477890014648e+00 6.985887140035629272e-02 3.190696477890014648e+00 -5.274065494537353516e+00 1.896269035339355469e+01 6.985887140035629272e-02 1.896269035339355469e+01 -2.358691787719726562e+01
-1.506250095367431641e+01 2.136602401733398438e+00 -3.119571685791015625e+00 2.136602401733398438e+00 -1.759043121337890625e+01 1.360366702079772949e+00 -3.119571685791015625e+00 1.360366702079772949e+00 -1.305954265594482422e+01
1.058695125579833984e+01 -1.961751461029052734e+00 -4.355993270874023438e+00 -1.961751461029052734e+00 8.624167442321777344e+00 1.301712274551391602e+00 -4.355993270874023438e+00 1.301712274551391602e+00 1.356588649749755859e+01
-8.492790222167968750e+00 7.032061576843261719e+00 4.521430492401123047e+00 7.032061576843261719e+00 -1.855620193481445312e+01 9.481853246688842773e-01 4.521430492401123047e+00 9.481853246688842773e-01 -2.564202690124511719e+01
-2.645520782470703125e+01 2.881705284118652344e+00 -1.053262948989868164e+00 2.881705284118652344e+00 -1.841929626464843750e+01 1.390445947647094727e+00 -1.053262948989868164e+00 1.390445947647094727e+00 -1.797376060485839844e+01
-1.931504130363464355e+00 9.547698974609375000e+00 2.989697217941284180e+00 9.547698974609375000e+00 -6.163619041442871094e+00 -2.868608236312866211e+00 2.989697217941284180e+00 -2.868608236312866211e+00 -6.354367733001708984e+00
-2.277685165405273438e+01 4.235483169555664062e+00 1.859221458435058594e+00 4.235483169555664062e+00 -1.821168708801269531e+01 -5.671472549438476562e-01 1.859221458435058594e+00 -5.671472549438476562e-01 -3.075093269348144531e+01
1.079560089111328125e+01 -1.315297889709472656e+01 -6.383561491966247559e-01 -1.315297889709472656e+01 1.416389369964599609e+01 -8.293649673461914062e+00 -6.383561491966247559e-01 -8.293649673461914062e+00 1.207715630531311035e+00
-6.637745380401611328e+00 6.306375980377197266e+00 6.991489410400390625e+00 6.306375980377197266e+00 -1.887432217597961426e+00 -1.248452663421630859e+01 6.991489410400390625e+00 -1.248452663421630859e+01 -9.460239410400390625e+00
-1.552109527587890625e+01 -1.088635444641113281e+00 -8.035213470458984375e+00 -1.088635444641113281e+00 -2.891097068786621094e+01 -2.502287387847900391e+00 -8.035213470458984375e+00 -2.502287387847900391e+00 -3.136415290832519531e+01
-4.889550209045410156e+00 -8.503025054931640625e+00 -5.587278842926025391e+00 -8.503025054931640625e+00 -7.278379440307617188e+00 9.956630706787109375e+00 -5.587278842926025391e+00 9.956630706787109375e+00 3.268932700157165527e-01
-3.359156417846679688e+01 2.694959878921508789e+00 8.428954124450683594e+00 2.694959878921508789e+00 -8.368289947509765625e+00 -3.475939035415649414e+00 8.428954124450683594e+00 -3.475939035415649414e+00 -1.514482116699218750e+01
1.040649127960205078e+01 3.472717761993408203e+00 -1.406178593635559082e+00 3.472717761993408203e+00 -1.006735038757324219e+01 1.097898292541503906e+01 -1.406178593635559082e+00 1.097898292541503906e+01 6.104306221008300781e+00
2.065781038254499435e-03 7.725272178649902344e+00 1.032441377639770508e+00 7.725272178649902344e+00 -1.589286136627197266e+01 -5.575363159179687500e+00 1.032441377639770508e+00 -5.575363159179687500e+00 -1.305136489868164062e+01
-2.579751014709472656e+01 -1.240113258361816406e+00 7.787921428680419922e+00 -1.240113258361816406e+00 -1.846208763122558594e+01 -1.147385120391845703e+01 7.787921428680419922e+00 -1.147385120391845703e+01 -2.306159019470214844e+01
4.493736267089843750e+00 2.706936597824096680e+00 1.018641662597656250e+01 2.706936597824096680e+00 5.821002483367919922e+00 -6.028547763824462891e+00 1.018641662597656250e+01 -6.028547763824462891e+00 2.392410469055175781e+01
-3.269411468505859375e+01 -1.044126796722412109e+01 1.868428468704223633e+00 -1.044126796722412109e+01 -1.826404380798339844e+01 3.998544216156005859e+00 1.868428468704223633e+00 3.998544216156005859e+00 -3.770296096801757812e+01
-1.294133186340332031e+00 5.562023639678955078e+00 -2.386503696441650391e+00 5.562023639678955078e+00 1.998797535896301270e+00 -1.131567001342773438e+01 -2.386503696441650391e+00 -1.131567001342773438e+01 -3.846886444091796875e+01
2.270871925354003906e+01 4.232450962066650391e+00 7.993423938751220703e-01 4.232450962066650391e+00 1.181564521789550781e+01 9.167617797851562500e+00 7.993423938751220703e-01 9.167617797851562500e+00 1.714634704589843750e+01
-2.418380546569824219e+01 -2.483218908309936523e+00 -3.117672204971313477e+00 -2.483218908309936523e+00 -2.045422744750976562e+01 5.308306694030761719e+00 -3.117672204971313477e+00 5.308306694030761719e+00 -2.284578895568847656e+01
-2.029851150512695312e+01 8.243986129760742188e+00 4.855209827423095703e+00 8.243986129760742188e+00 -1.306062030792236328e+01 -5.038404941558837891e+00 4.855209827423095703e+00 -5.038404941558837891e+00 -2.537122488021850586e+00
-1.747558212280273438e+01 3.762161016464233398e+00 -6.141700223088264465e-02 3.762161016464233398e+00 -1.791732978820800781e+01 -1.882260441780090332e+00 -6.141700223088264465e-02 -1.882260441780090332e+00 -2.055521774291992188e+01
-1.481927490234375000e+01 6.931352138519287109e+00 -8.978322029113769531e+00 6.931352138519287109e+00 -1.210199451446533203e+01 -4.133445262908935547e+00 -8.978322029113769531e+00 -4.133445262908935547e+00 -2.031421661376953125e+01
1.092303848266601562e+01 5.890897750854492188e+00 7.827718257904052734e+00 5.890897750854492188e+00 1.289807701110839844e+01 5.336188316345214844e+00 7.827718257904052734e+00 5.336188316345214844e+00 1.637211418151855469e+01
2.475045204162597656e+00 8.628550529479980469e+00 -1.767576098442077637e+00 8.628550529479980469e+00 -1.002555656433105469e+01 3.672667741775512695e+00 -1.767576098442077637e+00 3.672667741775512695e+00 -3.386608362197875977e+00
-6.841332435607910156e+00 -7.970403671264648438e+00 8.580194473266601562e+00 -7.970403671264648438e+00 -1.299202632904052734e+01 -2.974727630615234375e+00 8.580194473266601562e+00 -2.974727630615234375e+00 -3.416833496093750000e+01
-3.861755371093750000e+00 -1.107568836212158203e+01 -4.004671096801757812e+00 -1.107568836212158203e+01 5.700353622436523438e+00 -6.236814022064208984e+00 -4.004671096801757812e+00 -6.236814022064208984e+00 7.041238307952880859e+00
-6.848633289337158203e+00 3.787370204925537109e+00 -9.538545608520507812e+00 3.787370204925537109e+00 -1.133394718170166016e+01 -1.141722559928894043e+00 -9.538545608520507812e+00 -1.141722559928894043e+00 -1.874954605102539062e+01
-2.573735618591308594e+01 1.717303276062011719e+01 -4.414162158966064453e+00 1.717303276062011719e+01 -1.499452495574951172e+01 -5.641397476196289062e+00 -4.414162158966064453e+00 -5.641397476196289062e+00 -2.618271636962890625e+01
6.678125381469726562e+00 2.717429876327514648e+00 1.009401893615722656e+01 2.717429876327514648e+00 1.397739529609680176e+00 8.925337791442871094e+00 1.009401893615722656e+01 8.925337791442871094e+00 -4.171506881713867188e+00
1.101580905914306641e+01 1.226524233818054199e+00 6.332672119140625000e+00 1.226524233818054199e+00 -1.638521194458007812e+01 -9.189575195312500000e+00 6.332672119140625000e+00 -9.189575195312500000e+00 5.336518764495849609e+00
-1.222675132751464844e+01 -3.489789724349975586e+00 4.354634284973144531e+00 -3.489789724349975586e+00 -3.038652420043945312e+01 -9.393541216850280762e-01 4.354634284973144531e+00 -9.393541216850280762e-01 -3.736961364746093750e+01
-1.550764465332031250e+01 6.750937938690185547e+00 -1.664978599548339844e+01 6.750937938690185547e+00 -3.448217773437500000e+01 -1.802329254150390625e+01 -1.664978599548339844e+01 -1.802329254150390625e+01 -1.524018383026123047e+01
-2.347440338134765625e+01 2.448018074035644531e+00 3.084115505218505859e+00 2.448018074035644531e+00 -2.423643302917480469e+01 2.224666357040405273e+00 3.084115505218505859e+00 2.224666357040405273e+00 -8.706094741821289062e+00
-1.146502494812011719e+01 3.902111649513244629e-01 -5.685790061950683594e+00 3.902111649513244629e-01 -1.384823131561279297e+01 -5.186055660247802734e+00 -5.685790061950683594e+00 -5.186055660247802734e+00 -1.408627128601074219e+01
-1.017769813537597656e+01 -8.354807853698730469e+00 8.217050880193710327e-02 -8.354807853698730469e+00 -1.043168258666992188e+01 -3.451272547245025635e-01 8.217050880193710327e-02 -3.451272547245025635e-01 -5.809771537780761719e+00
-3.478106737136840820e+00 7.218034267425537109e+00 6.217393875122070312e-01 7.218034267425537109e+00 2.387706935405731201e-01 -4.480735659599304199e-01 6.217393875122070312e-01 -4.480735659599304199e-01 -1.209721851348876953e+01
-5.191643714904785156e+00 -1.578740030527114868e-01 1.029438614845275879e+00 -1.578740030527114868e-01 -1.551324462890625000e+01 -2.134501695632934570e+00 1.029438614845275879e+00 -2.134501695632934570e+00 -1.859727096557617188e+01
1.525185203552246094e+01 -2.230097770690917969e+00 1.842576265335083008e+00 -2.230097770690917969e+00 -4.572176933288574219e+00 -7.889391183853149414e-01 1.842576265335083008e+00 -7.889391183853149414e-01 -1.524232673645019531e+01
-1.208098506927490234e+01 -1.334051609039306641e+01 -4.230086803436279297e+00 -1.334051609039306641e+01 -1.980321121215820312e+01 -6.405142784118652344e+00 -4.230086803436279297e+00 -6.405142784118652344e+00 -1.813352966308593750e+01
1.918372392654418945e+00 -8.969585895538330078e-01 3.557219982147216797e+00 -8.969585895538330078e-01 -1.108877182006835938e+01 9.840416908264160156e-01 3.557219982147216797e+00 9.840416908264160156e-01 -5.794897079467773438e+00
-2.601320075988769531e+01 -1.194763946533203125e+01 -3.011142730712890625e+00 -1.194763946533203125e+01 -2.331969833374023438e+01 6.525195240974426270e-01 -3.011142730712890625e+00 6.525195240974426270e-01 -2.071835136413574219e+01
2.091980552673339844e+01 -1.293359637260437012e+00 -9.125377655029296875e+00 -1.293359637260437012e+00 3.275027751922607422e+00 8.447606563568115234e-01 -9.125377655029296875e+00 8.447606563568115234e-01 8.122198104858398438e+00
-1.621429443359375000e+01 -4.798487186431884766e+00 1.907219886779785156e+00 -4.798487186431884766e+00 -2.285551643371582031e+01 1.556776046752929688e+00 1.907219886779785156e+00 1.556776046752929688e+00 -2.493156242370605469e+01
9.243581295013427734e-01 2.989319086074829102e+00 2.054197788238525391e+00 2.989319086074829102e+00 -8.230485916137695312e-01 -5.864206790924072266e+00 2.054197788238525391e+00 -5.864206790924072266e+00 6.992832660675048828e+00
-2.136247444152832031e+01 9.314989089965820312e+00 -7.693356513977050781e+00 9.314989089965820312e+00 -2.331536865234375000e+01 -3.471028089523315430e+00 -7.693356513977050781e+00 -3.471028089523315430e+00 -1.283436203002929688e+01
-3.927686691284179688e+00 6.340625762939453125e+00 -2.356758117675781250e+00 6.340625762939453125e+00 -1.464212799072265625e+01 2.536098480224609375e+00 -2.356758117675781250e+00 2.536098480224609375e+00 -1.464131259918212891e+01
-2.572499656677246094e+01 -8.217930793762207031e+00 -1.045285606384277344e+01 -8.217930793762207031e+00 -1.464329814910888672e+01 6.730958074331283569e-02 -1.045285606384277344e+01 6.730958074331283569e-02 -6.763418674468994141e+00
2.116853332519531250e+01 -6.967284679412841797e+00 -2.470752954483032227e+00 -6.967284679412841797e+00 1.453006935119628906e+01 2.358026981353759766e+00 -2.470752954483032227e+00 2.358026981353759766e+00 1.555685520172119141e+01
1.751996803283691406e+01 -6.524494171142578125e+00 -9.882834553718566895e-01 -6.524494171142578125e+00 2.423747444152832031e+01 -6.429601669311523438e+00 -9.882834553718566895e-01 -6.429601669311523438e+00 1.166454792022705078e+01
1.280936622619628906e+01 1.365733528137207031e+01 -5.011223793029785156e+00 1.365733528137207031e+01 1.014044380187988281e+01 -1.510810256004333496e+00 -5.011223793029785156e+00 -1.510810256004333496e+00 1.962680244445800781e+01
8.897094726562500000e+00 3.698421955108642578e+00 -3.655455350875854492e+00 3.698421955108642578e+00 1.421058464050292969e+01 2.780280113220214844e+00 -3.655455350875854492e+00 2.780280113220214844e+00 7.702351570129394531e+00
1.790774345397949219e+01 -5.691239356994628906e+00 1.953460335731506348e+00 -5.691239356994628906e+00 2.883147239685058594e+01 -2.607139348983764648e+00 1.953460335731506348e+00 -2.607139348983764648e+00 1.814326858520507812e+01
-7.219635963439941406e+00 2.516679763793945312e+00 2.064642906188964844e+00 2.516679763793945312e+00 -3.144467926025390625e+01 -1.264117240905761719e+00 2.064642906188964844e+00 -1.264117240905761719e+00 -1.433801269531250000e+01
-2.382711029052734375e+01 1.270262360572814941e+00 5.386301994323730469e+00 1.270262360572814941e+00 -9.270578384399414062e+00 -6.467583656311035156e+00 5.386301994323730469e+00 -6.467583656311035156e+00 -2.138213729858398438e+01
-3.463008403778076172e+00 -5.827492713928222656e+00 -1.800841689109802246e+00 -5.827492713928222656e+00 -3.595824718475341797e+00 -1.024238824844360352e+00 -1.800841689109802246e+00 -1.024238824844360352e+00 -1.957888984680175781e+01
2.428532981872558594e+01 -2.549177646636962891e+00 5.564246177673339844e+00 -2.549177646636962891e+00 2.279714393615722656e+01 1.858195304870605469e+00 5.564246177673339844e+00 1.858195304870605469e+00 3.217881774902343750e+01
1.986838340759277344e+01 -1.060472774505615234e+01 2.057429313659667969e+00 -1.060472774505615234e+01 1.175324535369873047e+01 -5.444772243499755859e+00 2.057429313659667969e+00 -5.444772243499755859e+00 1.629952812194824219e+01
-4.571368217468261719e+00 -6.935970306396484375e+00 -3.465262174606323242e+00 -6.935970306396484375e+00 2.454235076904296875e+00 -1.305287837982177734e+01 -3.465262174606323242e+00 -1.305287837982177734e+01 -3.923427104949951172e+00
-1.305396676063537598e+00 4.572540760040283203e+00 -3.470955371856689453e+00 4.572540760040283203e+00 -1.286759853363037109e+01 -1.343580722808837891e+00 -3.470955371856689453e+00 -1.343580722808837891e+00 -1.774855422973632812e+01
-3.798947143554687500e+01 -5.292252540588378906e+00 6.510118484497070312e+00 -5.292252540588378906e+00 -2.602426719665527344e+01 9.246860504150390625e+00 6.510118484497070312e+00 9.246860504150390625e+00 -1.910507392883300781e+01
-5.570732116699218750e+00 -5.953885912895202637e-01 3.711220026016235352e+00 -5.953885912895202637e-01 1.585707426071166992e+00 2.764343976974487305e+00 3.711220026016235352e+00 2.764343976974487305e+00 -1.478873729705810547e+01
9.846603393554687500e+00 3.510847091674804688e+00 -2.881972789764404297e+00 3.510847091674804688e+00 1.718539047241210938e+01 -9.694767951965332031e+00 -2.881972789764404297e+00 -9.694767951965332031e+00 4.351084232330322266e+00
-1.722244834899902344e+01 2.213544994592666626e-01 -7.876580715179443359e+00 2.213544994592666626e-01 -2.653569030761718750e+01 -6.264397144317626953e+00 -7.876580715179443359e+00 -6.264397144317626953e+00 -1.175467777252197266e+01
1.159614467620849609e+01 -3.567852675914764404e-01 1.254362106323242188e+00 -3.567852675914764404e-01 1.285339450836181641e+01 -1.742181181907653809e+00 1.254362106323242188e+00 -1.742181181907653809e+00 6.978289127349853516e+00
-1.448035049438476562e+01 -5.566125869750976562e+00 5.777141094207763672e+00 -5.566125869750976562e+00 -2.014542770385742188e+01 4.204820632934570312e+00 5.777141094207763672e+00 4.204820632934570312e+00 -9.558167457580566406e+00
2.936791801452636719e+01 -1.983402848243713379e+00 2.119682788848876953e+00 -1.983402848243713379e+00 1.890430641174316406e+01 4.310575008392333984e+00 2.119682788848876953e+00 4.310575008392333984e+00 2.978839874267578125e+01
-1.497248077392578125e+01 -7.044419288635253906e+00 -6.446663379669189453e+00 -7.044419288635253906e+00 -5.612056255340576172e+00 5.969745159149169922e+00 -6.446663379669189453e+00 5.969745159149169922e+00 -5.272790908813476562e+00
1.706330060958862305e+00 -1.431940197944641113e-01 1.539567351341247559e+00 -1.431940197944641113e-01 1.058979988098144531e+01 -2.631282210350036621e-01 1.539567351341247559e+00 -2.631282210350036621e-01 2.033630609512329102e+00
