-2.315201568603515625e+01 1.165352535247802734e+01 5.860053539276123047e+00 1.165352535247802734e+01 4.865506649017333984e+00 -7.781293392181396484e+00 5.860053539276123047e+00 -7.781293392181396484e+00 -1.993437385559082031e+01
1.620572090148925781e+01 -8.067463874816894531e+00 1.376215457916259766e+01 -8.067463874816894531e+00 -1.361714649200439453e+01 -4.366524696350097656e+00 1.376215457916259766e+01 -4.366524696350097656e+00 2.047943115234375000e+01
2.487498092651367188e+01 -5.735653877258300781e+00 -4.997709274291992188e+00 -5.735653877258300781e+00 4.180889129638671875e+00 -3.771953105926513672e+00 -4.997709274291992188e+00 -3.771953105926513672e+00 1.861972618103027344e+01
-4.946229934692382812e+01 1.425703907012939453e+01 2.118304014205932617e+00 1.425703907012939453e+01 -6.398957824707031250e+01 3.002105057239532471e-01 2.118304014205932617e+00 3.002105057239532471e-01 -6.047299194335937500e+01
-5.748303222656250000e+01 1.330367088317871094e+01 -1.840464353561401367e+00 1.330367088317871094e+01 -4.512064743041992188e+01 3.527005195617675781e+00 -1.840464353561401367e+00 3.527005195617675781e+00 -5.189224243164062500e+01
7.560540199279785156e+00 1.110621643066406250e+01 1.637507081031799316e+00 1.110621643066406250e+01 1.228414630889892578e+01 6.911764144897460938e+00 1.637507081031799316e+00 6.911764144897460938e+00 -3.400854110717773438e+01
-4.708411407470703125e+01 1.336347103118896484e+01 6.018451213836669922e+00 1.336347103118896484e+01 -3.371306228637695312e+01 3.251027107238769531e+00 6.018451213836669922e+00 3.251027107238769531e+00 -3.696793365478515625e+01
-6.045245361328125000e+01 5.793653964996337891e+00 -2.613809347152709961e+00 5.793653964996337891e+00 -4.874930572509765625e+01 -6.485101222991943359e+00 -2.613809347152709961e+00 -6.485101222991943359e+00 -4.060825347900390625e+01
-5.317826080322265625e+01 3.483757972717285156e+00 9.615249633789062500e+00 3.483757972717285156e+00 -4.458040237426757812e+01 2.916728854179382324e-01 9.615249633789062500e+00 2.916728854179382324e-01 -3.327779006958007812e+01
-4.824165725708007812e+01 1.606320762634277344e+01 4.927278518676757812e+00 1.606320762634277344e+01 -4.086898040771484375e+01 2.730278015136718750e+00 4.927278518676757812e+00 2.730278015136718750e+00 -3.167053604125976562e+01
-4.300381469726562500e+01 1.513318347930908203e+01 1.027778744697570801e+00 1.513318347930908203e+01 -4.500052642822265625e+01 6.019611358642578125e+00 1.027778744697570801e+00 6.019611358642578125e+00 -3.025984191894531250e+01
-5.318647766113281250e+01 1.842695426940917969e+01 7.305421352386474609e+00 1.842695426940917969e+01 -4.618566894531250000e+01 4.919970035552978516e+00 7.305421352386474609e+00 4.919970035552978516e+00 -5.410932922363281250e+01
-5.225180053710937500e+01 1.886060905456542969e+01 9.864221572875976562e+00 1.886060905456542969e+01 -4.792927932739257812e+01 7.684580326080322266e+00 9.864221572875976562e+00 7.684580326080322266e+00 -5.020427703857421875e+01
-5.950325012207031250e+01 1.175017738342285156e+01 1.308554553985595703e+01 1.175017738342285156e+01 -4.892085266113281250e+01 1.084386062622070312e+01 1.308554553985595703e+01 1.084386062622070312e+01 -5.322877883911132812e+01
-5.747239685058593750e+01 8.676004409790039062e+00 6.747362136840820312e+00 8.676004409790039062e+00 -5.002733993530273438e+01 1.569290995597839355e+00 6.747362136840820312e+00 1.569290995597839355e+00 -5.705105972290039062e+01
