9.162722826004028320e-01 -8.089231252670288086e-01 1.832592368125915527e+00 -8.089231252670288086e-01 -3.631794452667236328e+00 -1.243256926536560059e+00 1.832592368125915527e+00 -1.243256926536560059e+00 -2.290609121322631836e+00
-6.365888595581054688e+00 9.800236821174621582e-01 -3.632642924785614014e-01 9.800236821174621582e-01 -4.718392848968505859e+00 2.711862325668334961e+00 -3.632642924785614014e-01 2.711862325668334961e+00 -5.965466022491455078e+00
2.385073602199554443e-01 3.317683041095733643e-01 -4.864756107330322266e+00 3.317683041095733643e-01 -2.147745609283447266e+00 -1.495424270629882812e+00 -4.864756107330322266e+00 -1.495424270629882812e+00 4.423264503479003906e+00
-2.612194538116455078e+00 -3.214516639709472656e+00 -6.007226705551147461e-01 -3.214516639709472656e+00 -2.806610345840454102e+00 2.779233217239379883e+00 -6.007226705551147461e-01 2.779233217239379883e+00 2.848499298095703125e+00
-1.620612859725952148e+00 -1.868343591690063477e+00 -5.406955718994140625e+00 -1.868343591690063477e+00 -4.722840309143066406e+00 -3.091590166091918945e+00 -5.406955718994140625e+00 -3.091590166091918945e+00 -6.150744438171386719e+00
-4.542532920837402344e+00 1.459647536277770996e+00 -6.146794557571411133e-01 1.459647536277770996e+00 -3.754587888717651367e+00 -2.742687463760375977e+00 -6.146794557571411133e-01 -2.742687463760375977e+00 -7.536682128906250000e+00
1.368517428636550903e-01 -5.542042851448059082e-01 -2.236660242080688477e+00 -5.542042851448059082e-01 -3.285825252532958984e+00 7.186028361320495605e-02 -2.236660242080688477e+00 7.186028361320495605e-02 -1.616629838943481445e+00
2.547585248947143555e+00 -1.207922220230102539e+00 7.789158225059509277e-01 -1.207922220230102539e+00 3.632734298706054688e+00 -4.504056274890899658e-01 7.789158225059509277e-01 -4.504056274890899658e-01 3.127881288528442383e+00
-5.179787635803222656e+00 -8.469545245170593262e-01 2.488841772079467773e+00 -8.469545245170593262e-01 -4.903179645538330078e+00 -8.050052523612976074e-01 2.488841772079467773e+00 -8.050052523612976074e-01 -6.756729602813720703e+00
-1.371495604515075684e+00 4.246597766876220703e+00 -1.487364411354064941e+00 4.246597766876220703e+00 -3.367158889770507812e+00 -8.762605786323547363e-01 -1.487364411354064941e+00 -8.762605786323547363e-01 -3.268747568130493164e+00
-3.514289140701293945e+00 -8.726818114519119263e-02 -4.161724746227264404e-01 -8.726818114519119263e-02 -5.890193462371826172e+00 -9.026456475257873535e-01 -4.161724746227264404e-01 -9.026456475257873535e-01 -2.901318073272705078e+00
-5.578857898712158203e+00 -6.204560995101928711e-01 3.521244764328002930e+00 -6.204560995101928711e-01 -3.199488401412963867e+00 1.884111881256103516e+00 3.521244764328002930e+00 1.884111881256103516e+00 -5.555295944213867188e+00
