-9.208045005798339844e+00 2.066801488399505615e-01 -1.731349706649780273e+00 2.066801488399505615e-01 -3.175189495086669922e+00 6.408663392066955566e-01 -1.731349706649780273e+00 6.408663392066955566e-01 -2.659537553787231445e+00
-9.772298812866210938e+00 2.796531200408935547e+00 6.636710762977600098e-01 2.796531200408935547e+00 -5.433569908142089844e+00 -1.199135929346084595e-02 6.636710762977600098e-01 -1.199135929346084595e-02 -5.319546222686767578e+00
4.337449550628662109e+00 -3.399356365203857422e+00 -7.381662130355834961e-01 -3.399356365203857422e+00 2.922061204910278320e+00 -3.461065590381622314e-01 -7.381662130355834961e-01 -3.461065590381622314e-01 -3.043805837631225586e+00
-6.555566787719726562e+00 2.724948167800903320e+00 4.482443332672119141e+00 2.724948167800903320e+00 -4.591076850891113281e+00 -5.361689254641532898e-02 4.482443332672119141e+00 -5.361689254641532898e-02 -5.376350879669189453e+00
2.295314311981201172e+00 -6.745885848999023438e+00 -2.414127588272094727e+00 -6.745885848999023438e+00 -1.960982084274291992e+00 8.478659391403198242e-02 -2.414127588272094727e+00 8.478659391403198242e-02 1.567991137504577637e+00
